0 1 2 3 4 5 4 2 6 7 8 2 9 10 11 12 13 7 1 14 15 15 15 15 15 0
16 17 18 7 19 20 7 21 22 23 24 25 26 27 18 28 18 0
16 29 30 18 31 7 32 33 34 35 7 36 37 18 38 39 7 8 40 41 42 1 0
16 2 43 44 45 46 2 47 7 48 49 50 18 7 51 2 52 53 19 54 40 7 55 49 10 56 40 57 15 58 59 10 60 2 61 7 62 63 64 46 7 65 66 0
16 2 67 68 69 70 71 7 72 40 73 7 74 75 7 76 77 7 78 79 44 80 81 2 82 7 83 49 84 85 7 86 48 49 84 87 7 88 10 89 90 91 92 4 93 4 0
16 95 96 7 97 98 99 7 100 101 102 103 104 105 7 106 107 108 109 2 110 7 111 112 2 113 24 114 13 2 48 115 116 40 117 118 2 119 120 121 0
16 123 124 21 125 126 2 22 7 127 22 128 129 130 131 2 132 133 134 0
135 136 7 137 138 139 140 141 4 142 13 143 7 44 144 8 2 145 7 146 147 148 149 2 150 0
151 95 152 7 97 98 99 7 153 41 13 154 155 156 7 157 42 0
159 160 18 7 161 162 18 26 7 163 164 165 7 166 167 18 168 169 2 22 0
16 2 74 170 109 171 7 172 173 44 174 175 176 177 2 178 7 179 0
16 180 181 182 2 183 184 185 0
16 62 186 7 16 62 187 7 16 62 188 189 7 16 190 62 191 192 193 0
16 74 194 195 35 7 106 2 111 39 196 18 197 7 36 43 13 198 199 2 200 201 7 202 10 203 204 0
16 2 205 206 207 208 49 209 210 211 2 212 7 213 214 35 18 0
16 215 7 216 217 92 88 109 0
16 2 218 219 40 220 13 0
16 221 222 223 2 224 225 226 227 2 228 0
16 229 7 230 231 7 232 233 234 235 18 2 236 7 237 203 238 239 0
151 2 82 164 240 7 241 13 48 7 242 243 7 244 172 44 245 7 153 246 247 46 2 248 0
16 249 250 251 2 252 253 254 255 256 257 156 2 252 253 7 258 48 2 259 260 261 262 2 263 206 264 265 2 118 49 266 92 0
268 269 270 271 272 197 0
16 2 273 274 18 268 7 44 275 276 18 277 278 279 280 2 281 0
151 268 282 7 192 283 284 285 7 157 286 55 287 15 288 289 290 184 291 7 258 285 292 293 294 0
8 295 197 44 296 46 297 0
16 8 18 15 32 298 92 232 180 18 67 7 153 299 300 2 301 0
55 2 302 303 304 16 2 253 7 61 44 305 46 306 0
151 251 18 7 253 81 271 307 7 163 44 19 308 309 10 310 311 304 0
55 312 33 313 2 314 49 164 44 315 2 316 46 317 0
318 92 319 18 320 7 321 322 7 323 324 325 0
16 8 326 7 327 2 328 44 329 330 331 0
16 332 2 22 7 333 177 2 334 335 0
21 336 2 22 337 18 28 7 338 339 40 340 341 0
16 2 342 343 44 344 345 346 347 7 348 349 7 198 199 350 40 351 0
352 353 2 253 164 354 355 7 61 343 180 22 7 322 356 357 358 2 359 7 360 80 258 16 361 330 0
362 268 7 24 363 364 365 70 366 7 367 255 192 368 7 369 370 40 371 0
16 372 373 10 374 343 375 271 376 7 3 44 377 378 189 379 7 380 381 18 0
16 36 134 181 382 2 383 7 384 385 7 386 2 7 387 173 388 84 389 384 390 0
22 12 13 151 2 9 7 151 2 391 7 151 2 55 0
16 392 393 394 7 173 44 395 46 10 342 343 396 15 397 7 398 27 304 399 7 36 400 401 35 0
16 402 403 13 48 7 404 2 253 405 406 92 407 2 0
16 2 408 409 410 7 61 343 12 13 22 7 411 134 111 39 412 413 0
101 223 206 414 7 16 415 416 18 7 417 418 40 419 7 420 421 7 153 422 423 424 2 301 7 173 44 223 2 425 61 0
426 304 427 428 7 61 217 92 429 7 430 431 118 0
151 61 107 13 22 7 244 432 7 433 284 434 173 96 35 7 435 206 436 49 382 40 260 437 40 204 13 0
16 438 439 440 7 441 442 10 443 7 444 445 0
19 446 7 447 448 449 7 16 173 450 3 451 346 109 7 392 44 310 452 7 453 454 455 456 0
151 457 12 13 458 459 2 460 7 8 461 18 462 7 463 464 0
1 465 466 467 468 469 109 2 470 7 16 2 253 44 45 46 2 47 7 48 471 49 50 18 7 51 52 53 19 54 40 7 55 49 10 92 92 40 57 0
318 92 32 52 49 298 35 0
151 472 32 7 473 2 408 398 173 24 151 36 474 18 7 151 475 476 2 402 477 478 48 7 284 18 434 7 479 2 480 133 481 482 7 48 304 483 484 485 2 486 487 0
16 2 374 37 18 39 7 52 360 488 33 34 18 35 0
8 489 55 490 92 44 491 492 0
22 380 258 16 493 494 2 495 496 18 0
11 2 497 2 22 498 13 7 499 500 149 2 198 115 501 502 503 46 0
8 504 44 21 505 80 506 507 0
16 508 509 7 510 40 511 13 512 513 2 514 7 515 13 516 517 304 518 519 2 520 0
521 522 92 523 377 524 525 7 526 7 527 528 529 530 531 92 80 532 533 2 534 7 535 16 536 537 0
538 539 7 74 540 541 401 541 7 542 435 7 543 13 544 545 0
16 55 2 373 7 232 546 547 548 18 7 549 550 551 471 552 547 10 553 554 0
16 2 61 555 13 7 232 80 24 556 118 557 330 0
151 357 151 2 540 402 10 558 7 255 559 2 402 360 560 403 149 0
16 2 67 68 69 439 71 7 72 40 561 35 7 74 75 7 562 439 563 7 564 565 44 80 81 2 82 0
566 2 61 107 423 567 568 264 2 452 7 569 570 2 48 343 571 13 403 92 572 573 2 402 0
16 574 2 373 44 347 13 2 345 7 575 13 21 576 577 2 268 7 97 578 70 436 0 0 0
16 258 9 580 581 28 7 574 582 92 173 44 583 86 18 584 2 585 46 0
1 586 18 8 7 587 588 589 115 16 122 590 414 2 591 2 592 163 593 594 7 1 588 560 595 596 16 7 16 346 597 7 346 597 346 597 0
598 44 0
16 600 92 601 173 269 602 603 2 604 605 2 7 606 401 19 607 195 0
608 7 609 588 610 611 612 122 613 614 615 616 617 618 2 619 7 620 621 151 255 622 13 2 623 624 7 625 626 627 70 7 608 628 588 0
629 415 384 355 18 7 630 631 7 631 343 632 2 7 1 2 9 633 7 634 450 635 388 24 636 560 637 638 557 7 1 639 62 639 588 0
151 640 16 641 173 450 642 7 151 643 137 16 255 644 2 645 0
646 70 18 647 2 255 648 7 1 649 650 163 582 7 1 651 582 2 652 7 653 40 654 18 655 122 654 655 7 1 656 629 657 346 658 7 659 660 661 222 417 662 7 663 2 664 665 10 1 2 36 7 666 667 122 668 1 97 10 107 669 7 1 670 671 672 673 482 0
1 627 672 2 549 80 351 197 674 7 675 676 677 678 679 680 7 417 388 672 681 682 13 683 684 677 163 685 686 2 687 7 9 161 688 689 690 691 0
692 693 7 694 7 695 696 697 7 635 388 672 10 698 7 699 700 698 691 691 701 0
702 274 703 2 704 122 360 705 706 279 707 18 0
692 693 7 694 7 695 696 697 7 635 388 672 10 698 7 699 700 698 0
1 2 549 134 708 709 710 710 711 40 712 712 2 713 714 7 360 80 351 197 18 0
1 715 672 7 129 716 675 717 2 718 7 719 423 1 720 721 2 722 343 380 723 2 19 724 725 2 726 0
16 2 9 10 727 728 173 44 109 729 730 731 732 46 7 733 734 7 735 736 737 736 0
151 2 36 738 739 2 740 2 741 7 742 743 40 433 744 745 746 2 747 748 2 749 2 750 0
208 751 752 753 754 755 7 756 360 97 757 10 758 635 759 18 7 760 18 761 49 762 760 763 122 764 7 208 635 388 134 765 764 7 766 767 768 2 769 646 474 10 1 2 770 7 1 2 9 208 24 771 309 18 482 122 772 773 304 7 774 775 387 7 19 776 777 778 0
779 1 780 781 782 7 1 173 600 2 776 783 7 784 785 7 55 786 7 787 635 388 7 1 788 588 789 7 790 1 759 635 197 7 790 789 177 560 791 792 7 790 793 679 787 18 7 1 689 790 0
16 574 794 7 795 13 322 7 180 6 796 2 797 7 372 44 798 799 18 342 0
646 800 763 18 801 7 668 392 354 582 18 7 756 360 802 10 255 803 271 7 804 2 805 49 806 13 7 1 807 40 808 18 672 2 692 122 809 810 2 811 13 7 1 651 582 103 650 2 652 812 13 813 814 815 2 67 122 816 177 2 817 49 818 13 1 2 819 0
820 7 821 1 822 781 466 823 2 782 748 7 1 588 326 7 43 824 49 825 423 7 9 826 827 7 828 44 829 18 293 830 557 830 700 2 831 7 627 832 833 834 330 10 835 836 7 224 49 134 837 838 70 1 2 839 0
541 840 841 10 1 2 36 7 1 372 842 163 843 18 844 7 392 845 846 7 181 80 847 121 2 848 24 849 850 707 0
756 504 754 206 1 851 710 710 852 326 7 853 854 855 856 7 1 714 40 857 7 41 13 255 858 859 2 860 0
1 861 1 588 2 129 862 2 863 7 657 1 864 588 865 122 312 736 2 865 7 1 49 560 588 278 2 862 0
1 866 867 868 7 869 40 870 18 871 872 2 189 7 873 2 874 309 18 40 875 876 7 877 84 878 879 7 880 84 881 882 883 0
885 886 387 7 887 884 614 888 7 889 1 2 9 354 890 18 122 134 765 891 61 41 13 1 879 884 1 2 892 208 635 388 893 894 18 7 1 2 61 208 635 388 895 896 870 897 7 1 2 447 208 898 2 811 35 7 899 900 2 84 1 2 901 208 194 902 18 0
16 903 92 269 904 905 17 906 7 265 49 80 907 18 0
1 908 40 909 13 7 804 2 264 910 49 80 258 1 911 568 7 912 84 913 2 789 0
756 504 754 206 1 851 710 710 852 326 7 0
264 914 177 2 915 916 917 10 1 918 7 919 920 7 1 450 921 922 92 390 7 923 208 924 18 0
1 925 926 7 173 43 927 928 384 929 2 189 930 360 208 209 18 792 7 931 13 0
62 35 392 49 134 932 588 7 933 149 2 61 49 41 13 672 7 208 635 388 0 2 1 134 934 935 122 936 937 938 1 939 940 84 181 941 2 818 7 818 1 2 291 7 1 2 942 0
1 943 944 13 7 588 945 173 759 946 18 122 1 2 947 948 7 825 949 7 950 951 173 560 714 40 57 7 952 849 173 44 953 18 470 2 954 7 466 955 557 956 0
1 84 144 384 957 2 149 7 958 384 957 7 346 1 208 959 674 149 46 7 950 19 582 7 778 173 560 960 961 858 40 962 7 963 208 964 122 965 7 778 173 560 966 1 2 967 7 689 968 7 969 970 971 209 18 972 2 971 7 973 974 975 635 968 0
821 1 977 13 978 2 979 980 981 748 7 133 982 983 7 1 278 279 984 18 122 985 10 986 484 7 208 84 987 2 7 988 2 264 2 264 49 989 122 1 656 312 144 149 49 10 41 13 1 7 1 2 692 693 18 7 36 990 2 7 360 550 991 992 18 993 330 875 923 392 208 994 2 995 13 669 122 1 996 825 997 870 18 7 998 258 61 999 1000 304 7 816 13 816 13 0
16 95 96 7 435 635 388 1001 1002 896 7 776 107 13 669 0
1 627 672 2 549 80 351 197 674 7 0
151 1003 1004 7 1005 208 825 1006 122 417 808 672 2 9 1007 40 1008 413 122 504 80 1009 18 184 1010 122 151 866 40 1011 61 0
9 635 388 1012 413 293 714 7 639 1013 1014 7 639 1013 1014 7 173 44 1015 1016 2 1017 7 1018 1019 7 1018 1015 635 19 0
566 1020 1021 1022 7 417 450 574 1023 1024 7 43 672 208 751 84 1025 378 254 998 1026 0
600 92 151 574 1027 7 44 1028 46 902 35 0
1029 1030 1031 7 1032 1033 1034 1035 1 1036 7 1037 7 1038 122 1039 1040 7 1041 1042 7 439 1 677 1043 1044 1045 1046 122 1047 1048 1049 7 129 457 1050 1051 1052 1053 0
668 258 1 1054 18 7 9 633 7 504 1055 18 391 31 0
1056 1057 18 7 1058 1059 1060 1061 980 1062 122 1 1063 582 2 1064 1062 7 457 360 134 144 1065 2 1066 10 714 40 1067 13 7 735 639 1013 1014 122 689 62 10 959 1 974 1068 139 1069 7 1070 582 7 1071 582 884 0
1 627 672 2 549 80 351 197 674 7 0
151 1072 2 314 44 80 196 1073 330 7 849 2 312 1074 1075 49 10 794 7 1076 164 44 1077 46 1078 0
16 475 58 0
144 149 1080 2 863 7 1081 588 122 1082 1083 284 1084 560 588 122 870 18 1085 1086 144 149 1080 560 588 122 1087 18 1088 343 1089 2 1090 560 588 122 433 1 899 588 2 7 84 1091 681 1 1092 1093 206 1094 1 1095 1096 0
10 1097 177 2 1098 7 1099 1100 672 1101 1102 2 1103 1104 7 566 1105 2 139 115 572 1106 4 1107 1108 1109 7 998 1110 2 588 825 1111 7 1112 1113 346 181 627 7 139 115 572 1106 4 560 1114 377 1 354 1115 354 1116 2 1117 0
1 1118 588 92 44 1119 1120 1121 1122 710 710 711 2 0
134 2 1123 36 2 1124 1125 866 2 7 661 1126 18 674 875 134 2 1123 44 550 1127 547 2 1128 46 7 1129 49 825 1129 26 875 134 2 1123 1130 1131 7 1132 895 364 7 504 80 1133 18 46 7 1134 84 1061 671 225 2 189 762 225 689 7 790 1061 1135 70 16 7 686 1136 1137 0
392 910 550 293 1138 2 1139 1140 7 1141 635 17 2 794 122 1142 1143 0
1144 731 7 9 826 2 351 7 392 711 7 1118 269 1145 2 1146 46 635 721 0
1147 7 1058 80 1148 1149 122 842 384 1150 7 1151 1 2 776 1152 423 18 1153 7 1154 84 80 1155 2 1156 1157 122 1 582 2 630 1158 7 9 139 1007 4 827 7 635 388 1159 1160 134 1161 122 1 1162 773 304 7 854 40 812 13 1061 1163 1164 0
886 1165 2 0
1076 1167 2 1168 7 1169 1170 284 2 189 504 415 1171 568 18 7 10 1172 134 1015 2 413 364 7 1173 1174 858 1175 122 609 756 1176 7 1 62 700 26 384 1177 2 1178 7 1151 691 0
1 588 326 7 43 824 49 825 423 7 9 826 827 7 910 134 831 10 457 830 557 830 700 7 634 450 832 833 834 330 10 1179 177 836 7 224 49 134 837 838 70 1 2 839 0
1 977 13 1180 728 1181 1182 2 9 7 977 13 362 415 1183 466 955 2 901 691 0
16 1184 44 599 7 598 1185 0
1 1072 1143 7 378 49 84 915 2 7 1186 1187 154 671 1 588 2 1178 0
362 1188 2 1189 901 1075 1190 7 44 1191 2 1192 1193 0
1194 580 18 581 7 1195 672 1004 49 450 1196 7 1197 2 345 1198 10 1199 18 133 1200 2 19 992 0
821 1201 1022 1202 7 1 2 692 504 354 693 18 122 1 2 9 97 873 122 1203 1204 1205 1206 2 863 7 1 2 874 1207 1208 18 932 0
16 1209 1210 7 55 2 316 49 10 1211 7 402 206 402 7 1212 180 1213 1214 2 67 0
886 1165 2 1166 1215 1216 1217 1218 1219 696 7 1220 84 1221 1222 122 42 1166 677 671 1 1223 1224 2 582 7 1 1225 7 1226 26 1227 0
1228 1229 1230 7 1231 343 420 1232 206 1233 1234 7 641 910 985 13 144 269 1235 674 2 1236 1237 0
1 1238 40 1162 1239 304 7 392 1240 1241 1242 40 713 714 122 198 1243 10 1 2 1244 7 1245 2 134 932 550 1246 2 627 122 621 981 1247 40 1248 2 1123 7 1 714 1249 672 1068 1250 1086 560 1114 1251 1252 7 760 759 946 7 1253 0
627 756 304 129 1 144 149 7 1254 49 384 1255 7 1 689 588 7 788 572 568 49 635 388 80 1256 572 0
1 2 457 360 134 1257 1258 7 97 10 139 1259 1242 4 2 1260 13 0
1261 1123 1262 49 10 582 2 1263 7 1 208 1264 1265 18 645 7 1266 1267 1 2 1268 122 1267 13 1267 13 7 1269 2 1160 72 975 18 35 7 1 62 18 1270 133 1271 1272 1273 7 1 208 845 582 18 7 1 776 1274 86 18 1153 7 1275 208 1276 18 0
1277 2 1278 92 96 7 1279 217 92 1280 7 1141 104 689 109 7 1131 208 1281 35 7 43 495 49 298 35 0
151 550 42 161 707 2 1282 1283 18 7 1284 173 44 1285 1286 674 7 1287 1288 1289 1290 2 1291 1292 0
1293 1294 7 1295 2 1296 7 10 16 2 1231 343 7 173 206 1297 2 1298 1299 1300 1301 0
16 1302 92 44 1303 1304 1305 1306 40 1307 10 758 0
1 1308 1309 672 2 1231 7 661 1310 1311 1312 7 163 360 550 149 1313 1314 18 310 1315 7 55 1316 0
16 582 92 1153 1317 1318 107 7 9 139 1319 7 1319 1320 7 40 351 7 253 208 1321 40 401 18 0
441 1322 1323 674 7 1 1324 18 0
16 1302 92 269 1325 1326 1327 0
16 1231 343 1328 18 6 7 441 550 1329 1330 18 26 7 55 49 845 1316 18 0
151 36 1331 1332 82 7 244 2 1124 49 1333 746 7 19 1334 1335 49 621 360 84 144 1336 2 82 0
151 36 2 618 49 1337 18 7 151 2 48 1338 866 2 7 1339 547 18 1340 180 557 2 1341 0
1342 208 1343 550 1344 906 184 645 217 13 7 587 70 9 49 1345 18 0
16 600 92 895 1346 18 1347 7 36 1348 164 1349 7 1350 163 196 92 1351 2 1352 1353 1354 2 1355 1353 1354 2 1355 0
16 74 432 7 1006 208 1356 40 985 10 758 7 417 450 1357 304 1358 21 1359 2 669 0
151 1360 7 44 10 1361 177 550 1362 271 7 645 910 1169 24 1363 2 1178 1364 1365 330 0
264 1366 92 1367 161 206 1368 7 489 1369 372 672 173 232 696 1370 2 1371 7 550 1372 1373 1374 206 1375 0
1376 7 1377 7 1378 1379 18 122 1 2 1380 122 1 2 1381 122 1382 1376 122 1378 1383 18 122 1384 940 1385 0
151 161 1387 7 550 1388 10 203 7 360 1389 279 10 1390 1073 330 0
16 1391 1392 18 7 360 1393 18 674 7 360 1316 18 674 7 649 324 325 7 208 466 0
1395 1396 1397 18 1398 1399 7 1400 7 44 293 1401 2 149 0
216 1402 173 217 197 18 7 119 1403 1404 1405 18 0
16 1354 92 44 1406 1407 18 293 1408 0
16 258 322 104 44 1409 1410 346 109 7 398 173 1411 18 7 166 16 1412 18 1413 1414 7 360 84 1415 343 1416 330 0
151 692 92 390 7 48 1417 421 1418 35 7 32 1417 208 10 1419 0
161 1420 1421 412 1422 7 1423 1424 700 7 1425 1426 7 1427 24 1428 1429 18 197 122 1430 1431 144 1432 1433 1434 7 1435 1436 7 55 1437 7 495 1438 18 1439 7 1440 1441 7 1442 1443 1444 0
16 2 1072 415 596 1445 672 1446 2 1447 7 1304 674 1448 10 203 635 1006 7 1449 13 1450 61 1451 40 621 1111 2 1452 0
16 550 1453 1454 7 447 107 1455 7 1456 1457 1068 139 1458 1157 1459 0
151 61 343 1461 181 550 1462 2 915 1463 7 151 2 48 206 1464 432 439 1465 18 0
16 2 1072 415 596 1445 672 1446 2 1447 7 1304 674 1448 10 203 635 1006 7 1449 13 1450 61 1451 40 621 1111 2 1452 1353 1354 2 1355 1466 0
1467 7 16 1468 18 26 7 1469 439 1470 1471 18 1472 7 44 1473 271 0
16 2 1475 101 1172 2 1470 439 164 1476 7 928 16 2 1172 84 1477 1478 18 26 2 0
16 574 1479 7 600 92 1480 7 1481 44 1482 2 1483 46 1484 13 16 7 16 1485 974 197 610 7 49 84 149 10 1486 1487 1488 304 367 2 1489 0
16 541 1490 7 1491 13 18 1492 46 40 1493 40 1494 7 1495 1185 2 1142 44 1496 0
16 450 839 910 13 18 144 906 7 1497 1498 1316 35 0
1499 7 16 55 582 92 44 1500 492 7 16 2 1501 1502 44 1503 18 1168 1504 0
16 1392 18 7 1505 322 7 1270 324 325 557 7 284 18 689 1506 7 133 1507 18 1508 974 1068 139 1384 940 1386 1 1509 122 0
42 208 1510 7 940 84 1378 382 18 0
1511 1282 1512 1 2 1513 0
1514 1 914 92 1515 1115 0
42 940 84 1378 1368 18 0
1516 1517 1518 7 1519 1520 1521 1432 2 1522 7 433 208 134 1523 651 1524 2 1525 1353 7 625 92 1348 258 1104 1526 0
24 139 1527 1528 4 1529 686 139 1530 4 7 1531 139 1532 1533 4 2 1534 1535 122 1536 1537 1538 1539 1540 1531 1541 1542 1543 1544 1545 1546 1547 1548 7 1531 1518 0
1549 1550 1551 1552 1553 1554 1555 18 1556 1557 1558 122 1559 1560 593 1561 1562 7 1550 10 1563 2 937 1564 1565 1566 7 1567 1518 7 1568 1520 0
930 1569 560 1570 1571 1572 2 1355 7 1573 1354 70 1 1376 0
1114 1157 976 884 1 2 1574 1575 1576 304 1577 18 0
1114 1157 976 884 1578 1579 1580 1581 2 1582 0
1583 1584 1585 1586 10 1587 0
42 635 0
16 133 1588 1589 7 173 415 1590 18 469 71 2 1591 7 42 1592 1593 1594 122 16 788 590 686 109 1595 1106 2 1596 0
1 1597 84 1598 1599 1600 2 1601 7 557 1602 1603 2 7 42 1592 671 1 1309 1594 0
1604 1605 2 1606 976 42 1592 566 672 1163 2 976 1592 1594 0
1607 1608 1609 2 1610 1152 208 377 149 1611 1367 2 627 7 42 1592 1594 0
1612 1613 181 545 2 1614 7 788 938 1603 1615 2 1616 1617 1618 2 1619 1353 125 1620 163 666 1621 853 2 1614 7 910 1603 84 1622 7 84 1228 1623 18 1624 7 466 1625 7 1626 1627 7 133 560 134 1367 2 1628 7 133 560 43 42 49 635 1629 122 1367 2 1614 7 1098 10 1630 1631 177 1107 560 1632 688 1633 122 1634 1635 1636 1637 7 677 194 1638 9 0
1639 1640 7 787 173 1641 1115 1642 875 1643 134 1115 1014 7 787 173 1641 1115 1014 0
1 666 1644 1645 7 1646 1647 173 269 1646 1648 674 0
10 1649 863 560 1650 7 208 560 134 250 1613 2 82 0
467 787 1 173 14 787 1651 1652 70 1653 7 1654 208 1655 0
1656 787 84 1 1657 2 1500 1658 7 1081 671 787 24 1659 1660 1661 7 1662 1663 0
1664 1665 7 870 49 1666 870 787 0
210 1585 357 1667 260 1668 2 645 0
1669 16 1670 1671 7 1672 1673 759 173 430 1673 759 0
1 1674 18 1459 1264 1641 884 1666 1675 467 787 0
144 44 1676 46 1677 1678 572 18 2 149 0
1679 1 122 24 1 641 474 884 1680 0
1071 1299 206 1 545 1459 1 1613 787 884 1 1681 1675 1669 787 0
787 1583 671 1 1682 0
1147 2 1683 194 1684 7 910 84 10 1685 1305 7 1686 7 163 1687 1688 7 364 2 1689 208 853 18 35 0
938 16 2 1690 84 1691 2 1615 18 0
1071 10 1 2 1692 343 1693 7 1694 1 1666 1695 7 1696 678 679 1697 2 1698 0
787 42 1699 0
1700 7 144 1701 1702 1703 1704 122 1705 1706 1707 1708 2 863 173 560 1261 16 1709 10 1710 304 7 1711 384 1712 2 938 13 1713 2 1714 1715 1716 1717 1086 1718 1644 2 1719 630 1720 1666 1115 870 0
1721 149 10 1722 343 1019 2 1723 1724 7 1725 1726 122 1012 134 469 1682 2 149 0
1 392 1573 1727 7 762 1178 1728 7 10 1587 1728 364 7 1 689 531 16 1376 7 1729 1730 1731 18 7 1012 469 1732 938 1 0
1 531 16 1367 7 1733 1 372 1727 748 1 384 62 1734 1735 16 0
1 1613 787 7 1 1736 18 787 7 1 1737 787 7 1 1738 787 7 1 531 787 7 1739 787 0
1071 1740 0
787 1583 671 1 1682 0
787 1741 0
787 1583 635 1154 1299 1742 0
787 84 293 1743 1744 1745 0
1071 1299 206 1 545 0
787 861 787 84 991 0
787 1741 1376 0
1 1613 787 0
1 1681 1675 1669 787 0
787 1746 18 0
787 1746 18 1385 0
1679 1 0
1747 42 1748 0
24 1 641 474 0
1749 0
1680 0
636 1750 636 1751 13 700 1157 0
787 1752 0
1753 787 1754 0
1755 1157 0
787 42 1756 0
1757 1758 0
1 768 18 0
1 1674 18 0
1 1759 18 787 2 1760 0
1761 0
787 62 1762 0
787 388 930 49 1763 1385 0
787 1142 1764 1376 0
787 1256 626 1367 974 0
991 974 2 0
1765 84 787 1228 62 2 0
1071 1299 621 1 0
787 974 378 0
787 1142 134 1766 0
787 1767 1768 0
1769 0
1770 0
1771 1772 0
1071 678 1773 0
787 42 1774 0
787 42 1775 0
787 42 1776 0
1071 1777 0
787 938 1 378 49 1458 0
1458 1 2 1778 0
787 1779 1780 0
1 762 1781 0
255 84 787 2 1619 0
1 1666 17 0
1623 959 1 1782 0
1783 18 1 1157 0
787 861 787 10 959 991 545 0
1785 42 1786 0
787 1583 1787 0
787 1788 1012 635 959 1 1789 0
1 1790 49 380 1791 18 0
1592 1792 144 0
1 996 1674 1768 0
1 996 1793 1669 787 0
1795 0
1785 787 49 1742 18 1796 0
1 1583 1797 1798 210 787 0
787 1583 1799 0
1 1654 49 1114 1800 787 0
1071 10 1 641 1801 0
1 49 513 18 0
787 154 1802 471 0
1071 1803 18 0
1804 787 672 2 1282 0
787 1805 0
787 1806 18 0
1 1613 787 0
1 531 787 0
1680 0
1071 1299 0
1807 7 1808 0
787 1583 1809 0
1810 1 0
1811 1 1642 1812 0
24 1 2 1813 177 474 1157 0
787 1592 144 1814 0
1771 1815 0
787 560 1797 2 0
1058 763 18 0
787 1816 92 1817 0
916 671 787 1818 18 0
1819 109 2 1820 0
787 1806 18 0
1 996 1674 787 1768 0
1 986 1675 1821 787 736 0
1 1822 18 787 0
255 84 1 808 2 899 1823 2 1282 0
1 133 1509 787 1824 0
787 465 173 635 1789 0
1071 1825 1 0
1826 18 1826 18 0
1827 36 357 18 1828 2 1829 7 392 1830 1170 18 1831 530 1832 0
621 16 1833 2 741 7 1 1834 1835 84 1836 1619 1837 18 0
1277 1838 7 1839 13 1840 966 18 16 2 778 2 1841 7 1842 0
1843 1844 7 1845 7 1846 40 7 1847 1847 858 40 1848 524 122 1848 18 7 1848 18 7 163 793 151 1849 681 1850 1851 1852 7 356 2 1060 436 1853 7 1854 18 1855 2 1856 122 1843 1857 7 1858 7 1859 92 163 830 163 351 0
1860 1861 1862 1841 7 151 29 1863 35 0
151 1864 92 95 1865 7 1450 1866 1867 61 7 360 1868 1869 1870 0
16 392 44 1871 18 1872 1831 7 1873 1874 7 43 255 1875 2 1876 36 1877 2 1878 1879 208 1880 13 1881 0
1187 1062 7 1882 2 84 1123 1262 1883 2 1829 7 84 1884 2 1885 122 1 392 208 1886 1887 122 1888 10 1889 1890 7 360 10 686 1 1891 1892 875 1893 10 835 1894 7 360 10 686 1 1895 691 0
868 171 18 7 1765 1135 149 1842 1824 122 1 1896 7 1 1897 7 1830 378 49 1593 1898 0
1899 9 1900 380 1901 1902 1903 184 1904 0
868 1905 18 151 2 1540 7 151 1498 1858 7 1904 1906 304 1907 7 1450 61 1908 92 44 1060 1909 1910 0
16 1859 1911 18 7 357 18 484 476 559 2 402 0
1912 0
151 95 84 1913 2 1914 7 221 1915 1916 2 1917 0
1918 7 1919 7 1920 1921 7 1922 1098 1923 855 7 42 1592 144 1924 2 1925 0
16 1926 7 1927 10 16 2 1928 1929 714 40 1930 13 7 153 1931 40 1932 7 1933 139 1934 4 2 1935 122 161 16 693 18 1719 7 434 1936 7 434 1937 7 1938 18 1939 1940 7 654 1941 7 144 1942 351 7 1943 1944 7 1927 10 835 1945 18 111 1946 2 1947 1086 7 1948 1949 10 1950 1951 0
1952 1953 84 1 1954 1813 2 689 1955 7 312 1956 144 1957 2 1952 1953 7 1 392 173 1958 2 7 44 1170 18 1831 46 0
1959 1960 44 1450 1961 330 1962 1963 7 1964 1965 7 1906 1966 1967 7 1968 18 1969 0
16 457 7 44 1970 250 1971 1972 184 1973 0
650 206 103 7 441 1974 1975 2 1976 7 1977 7 1978 40 24 16 2 1118 1979 18 197 7 16 996 125 1980 16 2 1981 1982 18 7 16 1884 7 1863 0
1983 2 1984 357 18 1985 7 360 10 1986 1058 2 1904 875 835 2 1961 10 1987 40 1895 7 910 84 10 686 1058 1988 875 1989 2 1990 10 1991 177 1892 7 360 10 686 1058 1992 122 1545 1993 1784 1994 1784 1995 1547 1058 2 652 1376 7 84 346 2 1859 7 346 2 1996 0
821 1 742 1997 309 1998 2 1999 748 7 457 2 2000 84 720 2001 0
2002 808 2003 2 2004 2005 2006 2007 2008 7 111 2009 2 453 2010 48 2011 7 392 2012 2 0
1843 1844 7 1845 7 1846 40 7 1847 1847 858 40 1848 524 122 1848 18 7 1848 18 7 163 793 151 1849 681 1850 1851 1852 7 356 2 1060 436 1853 7 1854 18 1855 2 1856 122 1843 1859 92 163 830 163 351 0
2013 7 2013 7 2013 884 16 1898 7 1858 7 16 2 1838 415 576 475 1058 2014 2 2015 557 2016 7 504 16 2017 2 312 33 2018 49 413 13 2019 2 0
1123 1262 1838 7 916 2020 40 1885 35 0
16 1900 364 48 895 304 48 2021 7 2022 2023 2024 2025 0
151 255 1913 2 1914 7 44 21 2026 2 2027 2028 2029 0
2030 2031 2032 2017 7 620 7 392 677 372 1063 2033 122 2034 7 718 208 504 2035 2036 0
151 392 2037 2 7 36 575 13 2038 2 1914 7 44 417 2039 330 137 40 2040 0
721 2 2041 2042 18 2043 2 2044 7 1 2 652 208 44 2044 46 2045 0
1261 42 619 7 1 1900 10 2046 2047 18 293 2048 7 2049 1911 0
1261 2050 2051 18 7 16 392 2052 1859 2053 173 2054 18 7 55 312 33 2018 49 2055 92 351 18 35 0
151 2056 7 2057 2 36 357 18 2058 2 2059 7 409 2060 2061 0
2062 10 2063 40 1914 7 1893 10 1891 40 1894 7 1 2 652 1376 7 44 1170 18 1831 46 1832 0
1893 10 835 2064 7 360 10 686 1 2065 875 2062 10 664 364 1916 7 360 10 686 1 2066 122 1376 7 868 80 2067 2068 2069 18 7 1 1838 7 2070 49 84 2071 0
383 13 1133 2072 0
2073 2074 364 2 1135 2075 7 2073 2076 2077 2 1135 2078 122 2079 7 2080 149 2 2081 7 49 84 2078 2 0
121 2 2082 121 7 930 2 173 940 84 930 18 1385 0
2083 899 2084 2 7 2085 7 2086 40 2087 18 2088 2087 2 7 2089 40 2090 18 2088 2090 2 0
2091 787 1 1742 679 7 2092 2093 0
2094 7 0 0 1 974 2094 7 1 759 18 7 787 560 2095 560 2096 7 2097 2 1933 1 1385 0
845 1282 7 1632 208 560 529 875 845 2098 7 2099 208 125 2091 875 845 2100 7 1603 1654 2101 7 1575 524 173 10 787 2 392 2102 0
2103 2104 18 7 821 787 557 2 863 7 2105 940 861 1 1261 18 1656 7 930 2 9 354 2106 18 7 787 2107 84 144 2108 2 2109 0
991 49 560 134 2103 7 2110 144 149 2 863 122 1091 2111 2 2098 2112 2113 674 7 2114 7 2115 2 129 2116 206 2117 7 671 1058 700 1113 122 1421 974 2098 2118 7 668 1107 627 44 2119 46 7 821 2098 748 7 2120 46 7 378 1282 129 2121 206 2122 1086 2123 2124 691 691 2125 7 129 2126 2127 0
2128 10 2129 7 466 2130 466 2131 7 2132 2 677 1107 2133 7 2134 2 2135 7 751 2136 378 2137 1672 671 1 530 1677 7 2136 378 1672 671 1 700 2138 0
845 149 36 2139 2 1829 7 2140 566 457 2139 2 2141 0
609 2142 787 2143 1 2 2144 2145 787 7 2146 787 2147 1187 18 0
2148 2 2081 7 788 1924 40 2149 560 499 2150 2151 2152 7 1733 2153 2154 2 2155 7 2156 2157 2158 122 2159 2160 1086 7 133 560 2161 7 346 2162 2 2163 998 2164 2165 787 2 2166 2167 7 1025 956 787 42 2168 2 2169 0
466 787 2 1925 343 7 2170 346 1495 122 2171 18 7 530 974 378 0
121 2 2172 7 1672 635 2047 173 1793 2047 7 2173 18 2174 2175 18 158 0
2176 2177 18 765 1727 122 1 2178 258 524 2179 10 392 122 1458 1666 974 7 998 635 388 1001 1256 974 7 1672 206 991 974 0
1575 2180 787 7 1733 588 596 787 0
2181 206 2171 2182 2183 435 0
646 2184 2185 378 122 1458 530 1672 1266 2186 7 2187 2111 1299 2188 0
2189 144 149 2190 689 2 122 466 2191 0 0 466 2192 0 0 2193 84 2194 18 932 0
457 2195 2196 7 571 13 2197 0
2198 383 1 1378 2199 7 1 383 2198 1378 2200 0
2201 1001 2201 2 7 2091 1001 2091 2 122 2202 1672 2202 2 7 2203 576 2202 2 0
2180 2091 2 639 2204 7 2205 2 2206 0
312 181 2207 49 134 181 2137 884 433 312 181 2208 2209 2210 2 0
2211 18 2212 7 1187 18 721 18 7 756 635 837 757 10 657 2 756 7 596 2 2213 596 18 7 284 18 1147 2214 2215 2216 2217 2218 0
635 2219 7 208 84 181 2219 0
2220 530 2221 2222 7 2223 767 0
649 635 2224 7 2225 635 1736 875 958 2226 7 2227 2228 875 2229 2155 7 2230 2231 875 2232 2233 7 2234 2235 0
2236 2237 49 84 2238 7 2239 2240 7 2241 787 2242 0
1071 258 672 62 2 1378 2243 7 80 388 7 10 1603 2 2198 343 7 2092 787 1742 2 1115 689 7 787 49 998 293 2244 2245 0
2246 1683 2 805 7 0 0 2247 18 2 2096 7 1 2248 2 2249 415 858 2 2250 0
2251 1058 2252 2253 7 751 2254 2255 10 2256 0
2258 2259 2140 2260 2261 122 2258 1690 2140 2262 2263 122 2258 2264 2140 2265 0
2266 2267 2268 7 1672 671 787 635 414 7 2269 2270 7 2271 1361 2166 7 1421 1133 7 1421 383 7 1421 2272 7 1421 1395 7 70 2273 530 1458 46 0
1891 80 134 2274 2275 7 2276 1154 173 134 2277 122 609 1683 1086 625 1683 7 609 2117 1562 625 2117 122 2278 671 1058 2279 1646 1562 2 2280 122 1914 2281 1933 144 635 837 1586 2 787 0
125 2091 2 2116 7 2282 10 2283 7 10 2284 2 2285 364 2286 2287 1109 2288 7 2289 13 144 144 466 2273 2 2290 7 2291 2 2228 10 2292 2 2293 177 466 18 2294 7 2273 10 2295 2 2296 364 466 18 2297 0
899 2298 2 930 7 2299 84 2111 899 2300 2 863 0
2166 1361 7 2301 7 1675 2302 2228 7 208 134 2303 2 648 0
845 149 7 2304 84 1117 177 2 2305 875 845 1282 7 2306 671 1058 384 2307 122 1071 812 2088 812 2 149 7 2308 2088 2309 2 9 122 2310 7 635 2215 635 1891 875 2311 7 635 2215 1672 2312 875 596 7 635 2215 2313 2217 122 2180 2 863 7 671 16 2314 875 2315 2 863 7 2316 2180 2314 0
2317 18 7 1793 1821 1603 7 1575 466 2318 1100 0
2319 7 2142 2298 2 645 2320 787 1187 7 2229 7 2316 1 2321 2322 787 2323 1247 2 645 7 2324 1 2325 7 2326 1 2327 2328 2329 2 2330 0
255 2331 2 2111 671 1 2332 2091 7 2083 2333 7 2334 2213 1198 7 2335 2335 2336 7 2337 7 2338 2 2339 7 2340 2341 18 2342 2 9 7 1256 208 2343 2344 7 1698 2221 763 7 2345 2213 70 18 2093 7 1105 2 2346 777 787 2 2347 0
787 2348 7 2349 7 2350 2351 2352 1510 0
910 2353 788 2354 7 677 134 787 2355 2 1914 2356 122 1081 2357 2 2358 439 364 7 609 787 2313 2359 2360 0
72 2 388 18 7 2361 189 2362 439 168 2363 7 635 2364 672 2 7 2225 2365 700 1100 0
2366 2091 7 2184 2087 122 787 346 2 635 537 7 1 163 2225 2367 0
1417 656 2368 269 1180 2369 7 466 2370 7 1107 2371 1890 7 2372 7 173 751 672 681 2373 2374 7 312 736 802 7 998 2375 2 2376 2300 7 1107 2377 672 2 2378 2379 2380 2381 2382 7 677 751 2383 2384 2385 40 767 2386 7 2213 466 18 672 2 2387 7 2388 2389 2 2390 998 10 1933 144 2370 7 433 677 779 49 550 2391 2 2392 2393 2 2394 7 2388 998 2213 2395 18 393 2274 7 10 134 2396 2 1925 343 7 671 1 2397 0
2198 304 899 440 2 1282 7 2085 10 2398 638 49 84 2399 2180 2 863 7 2400 974 2171 0
2401 134 2402 976 1654 1788 1640 0
845 1282 7 2403 1675 736 0
635 788 2171 7 1071 2404 18 2103 0
2405 18 7 2406 18 7 2407 18 7 2408 18 7 787 625 759 18 0
2409 2410 7 1267 10 36 2411 1690 122 2412 284 2295 2 2413 7 2083 441 2414 2 2415 7 2416 2417 122 2417 2 2418 2419 7 2411 635 2207 974 7 417 2207 2420 40 1742 122 2111 1091 2421 2 2295 269 2422 7 2423 10 2424 7 2425 439 1010 122 312 881 2290 7 49 84 2426 2 2427 2428 2429 122 2430 2431 7 2432 164 1690 122 974 7 991 49 560 7 433 1058 2433 7 2434 1654 70 2435 2436 0
2310 2 1925 7 1 7 2437 7 2438 7 2439 2 2408 10 2440 2441 2 1010 343 7 1198 10 2442 2443 2444 2 2445 7 2446 9 2447 2448 2449 2450 7 2451 2342 2338 0
2452 787 2 2348 7 671 1 2366 18 2453 0
596 1086 133 656 7 657 1058 1458 144 2198 2 0
991 84 991 1117 177 2 2305 7 991 84 991 1117 2 2454 7 2455 2 2456 7 2457 2 2396 7 2458 2459 2 2460 0
844 189 173 44 2396 674 7 2461 2462 7 620 677 1672 2463 70 0
392 134 2464 2465 7 845 2180 677 685 2466 2467 0
1 635 1797 2188 787 122 2468 787 2309 2 1 346 2469 0
2470 2471 18 7 2472 149 49 560 690 7 1458 2315 18 7 998 2473 18 0
1071 258 1 938 787 2 2474 7 2475 84 787 938 1 2180 2476 2477 2 2478 7 689 1385 0
950 787 2479 7 1 163 2480 2481 959 787 2069 2482 0
1458 1 635 2180 787 18 7 998 1575 1 656 787 635 2483 1 18 0
2207 144 149 466 1778 7 1778 173 1778 10 2207 144 635 2207 672 2 149 0
787 84 991 2484 2 2485 2486 7 10 2487 2 2488 343 2489 2490 0
2371 2491 2 1813 7 671 1 72 2 2492 1493 2 627 7 1033 450 2493 84 2494 2495 7 2223 84 881 2496 7 2497 163 2497 7 19 2498 7 2499 19 2280 7 2500 19 2501 7 2502 2503 2504 7 2169 2166 1361 0
2505 1458 2217 765 7 2187 2506 2217 2 7 2507 125 2217 2 122 609 2508 2132 125 2217 2 7 787 173 560 2509 2510 415 2217 2 7 2511 2186 787 2 149 7 2512 787 1420 2115 2 1091 2513 122 2505 2514 384 2515 7 417 2516 1058 2517 2518 7 2517 2519 2311 635 2364 672 2 189 7 133 671 1813 177 2520 2521 122 821 787 985 10 2521 177 2522 7 2505 2213 550 787 2523 10 2524 0
821 2525 2315 18 49 80 1914 689 0
845 1282 7 1 2526 635 388 7 388 18 7 2178 671 672 409 2298 0
1 2365 2 671 787 2527 1 7 986 133 656 7 84 672 1378 2528 18 0
2529 42 2530 7 466 46 2531 1458 2532 2 0
1821 672 710 710 2533 2534 7 2533 2535 2110 7 2533 2224 870 0
1 417 62 821 2536 7 1575 1666 2537 1378 1115 2538 1031 0
1107 751 42 2220 2539 2540 976 2541 18 255 0
392 134 173 134 7 392 466 173 0
2111 2 2543 2342 7 2544 7 670 2545 7 397 163 1345 7 2546 2076 2545 7 1203 134 648 7 996 2545 635 557 0
2111 2 2180 7 2111 2 2106 7 2111 2 2547 7 991 671 1 2548 787 2 2549 7 2550 2209 2551 2 2309 0
991 974 2531 2552 2553 7 2554 2555 18 2556 2557 0
787 2089 2 2558 10 2098 343 7 677 751 2559 415 700 2560 1957 2 2098 18 0
2561 84 2562 7 208 80 1830 1603 2563 2 635 46 0
2375 2564 439 557 7 991 2565 284 991 2566 976 991 530 2567 2568 2569 976 991 529 991 2467 141 0
1 258 9 2571 18 2572 7 930 2278 787 2573 1 0
2194 7 84 787 392 1664 466 149 122 0 0 2103 7 84 787 392 1421 677 635 10 2574 0
10 855 756 2575 18 173 560 2576 7 2577 756 2575 18 173 560 2116 122 1733 7 2578 10 855 2 2163 1157 0
1417 7 2180 208 84 2579 2580 122 2581 2 149 7 2219 2580 1603 875 2582 2 149 7 2219 2580 672 0
629 2583 7 2584 7 2585 2586 2587 2588 0
2589 7 1058 2590 2591 144 149 7 1635 1458 1058 940 2590 2591 16 7 2187 1058 1666 596 16 0
2255 962 7 133 388 7 2577 208 84 2592 181 2127 0
2593 13 2594 7 2595 2 2596 122 1545 1993 1784 1994 1784 1995 1547 1891 499 2117 7 2287 1672 2463 70 2 1981 2597 499 0
787 2599 2600 2 2601 7 1 125 1620 2602 2603 2 2604 7 787 2605 2606 2 2607 7 1 125 2127 2608 2 1778 7 646 7 10 2609 1465 18 2610 2 2611 7 2115 2310 2 2612 2613 0
787 974 139 2452 4 7 1 974 139 635 2614 4 122 1058 2615 70 2483 469 2614 0
1603 2 2249 2616 2617 2 7 439 1 2 2249 677 2616 2338 2 0
2618 884 1 2088 530 2619 787 0
121 2 49 2213 121 7 1001 759 2 976 7 49 2328 802 0
2620 7 2621 2622 7 2623 163 550 2624 2625 0
2626 2567 2627 1058 49 384 2628 7 439 2550 7 1058 49 2213 2629 0
648 7 1 646 2313 2116 151 7 1575 151 1187 2410 18 7 1 2 2395 415 2313 84 2395 0
2464 149 7 2464 1282 7 596 18 173 2313 1365 18 7 80 252 173 252 672 2630 635 2578 0
2163 465 49 2328 1478 284 524 2 2631 7 2561 1058 2632 10 144 466 2633 2 2634 122 208 2282 80 870 2635 7 80 2121 2636 0
2637 2638 2639 2640 7 2641 870 2642 163 134 2643 2644 122 2295 2 2645 767 2646 18 2111 2647 2 2648 884 2649 7 2650 2651 2 2652 7 1 208 2107 84 2292 2653 2654 364 2 2655 2656 7 2657 499 787 2658 2659 2 2660 0
2661 84 309 7 2662 2663 0
10 378 49 635 2664 2 2665 7 1058 1107 2260 0
1012 10 787 2103 2 863 133 974 2180 1 7 10 787 2194 2 863 133 1848 1 7 10 787 1685 2 863 133 2667 13 1 7 1 10 787 123 1788 2668 378 7 821 787 2669 10 1603 828 2 863 7 787 2670 529 284 1 0
134 648 7 609 787 2671 122 2670 560 938 154 2111 2672 787 0
2310 2189 208 84 2674 7 787 1 49 1672 1113 7 1575 1058 49 2675 7 2676 2538 7 144 2677 2678 144 149 759 0
2679 2680 208 7 2681 0
84 2682 7 625 2683 7 49 2213 1666 2684 7 84 991 938 7 625 2685 7 208 1666 1675 1629 7 417 388 787 377 2 1981 2309 7 1378 2674 7 1378 2575 7 2410 691 0
2567 787 2111 974 284 1114 2580 1 7 668 677 2686 671 1 2317 7 1012 787 634 671 1 2096 7 84 1 2180 18 2088 2180 2 149 7 625 787 2309 18 2088 2309 2 9 0
657 1058 84 2687 899 2688 976 2689 2690 7 998 2531 2691 0
2207 144 149 84 2579 627 7 635 2207 144 149 2209 920 122 920 2692 2693 7 627 677 720 2001 0
845 2309 7 84 1654 1114 2694 18 0
2083 173 44 2695 2696 7 2697 696 560 671 149 2095 0
1 10 670 2 209 787 2207 2 82 7 1151 787 677 1821 1 787 2180 2 84 151 0
2589 1458 635 1629 7 998 1666 1629 875 2589 1458 635 388 7 998 1666 974 197 875 2589 1458 635 2127 7 2187 2127 18 208 2698 7 2699 173 2700 18 1690 122 845 325 7 2701 571 10 392 875 845 2702 7 2701 2703 2 2091 875 845 2098 7 417 2701 1569 2704 197 2705 122 2361 1104 7 821 2121 284 7 672 388 173 689 875 2361 2202 7 635 2483 974 197 2 7 672 2127 173 689 0
2706 7 208 2483 1348 2707 134 1790 7 1675 550 2309 2 2706 7 2052 2708 2709 139 2710 2330 4 0
475 2711 1122 2 2479 7 1646 2152 2 2712 0
2299 550 2713 92 2714 0 0 133 258 672 1753 2 346 570 0
10 787 2 1914 343 1 133 134 18 1004 7 1012 787 634 10 1685 0
2111 7 134 144 149 2715 2 2716 18 1 2 2198 122 433 415 437 2 474 18 122 2350 996 466 149 7 1672 10 1 2 1869 2198 343 2717 2718 0
1 1115 588 2395 18 991 2 689 7 397 163 550 2719 2 2720 0
1058 10 2087 7 2721 18 2375 7 861 173 626 2722 2723 2 2724 0
1187 787 2 255 648 2222 7 2725 2726 72 1478 413 0
2727 1114 134 2728 0 0 620 1 530 560 2090 0 0 1575 530 2180 0
2198 304 899 1363 2 2611 7 84 1 985 10 787 641 7 677 2657 2729 0
2589 686 144 149 2730 264 7 677 1830 2107 1603 378 49 635 1742 0
1 2731 2280 7 998 2732 2254 377 18 1 2166 2724 2 1361 7 677 576 671 1 1654 2733 976 1012 1 2734 264 2 2300 7 49 802 10 1683 2735 2736 1292 7 2737 10 2738 2739 2740 0
816 691 691 2388 1635 635 2692 875 2580 691 691 677 2741 0
2111 861 787 788 2742 7 657 998 2743 0
149 2744 7 2745 991 976 2746 2113 635 0
149 84 626 1891 40 1813 2 7 998 1058 672 2219 18 2712 7 2219 18 2748 0
2083 2749 346 144 149 7 560 1030 1109 2 2750 10 787 2 392 7 2751 2752 7 2753 1024 7 2754 49 125 2755 7 16 2152 1059 787 2 1004 7 1173 787 2 2375 7 2756 13 787 70 2757 2758 7 70 2566 0
657 550 144 2759 84 2505 2 7 657 2180 144 149 84 2760 2 0
2083 80 2761 765 2103 2 816 7 2762 2763 2541 1058 80 812 2 2764 122 1 173 1367 2463 13 7 1010 13 7 2765 13 7 1575 1 635 388 2766 832 765 1367 2 863 557 2110 144 149 0
2091 7 346 2425 7 2767 7 677 899 2768 0
2769 788 0 0 787 2770 2 863 0 0 1 49 10 0
821 2472 149 2771 2299 899 2505 2 863 7 255 208 84 16 899 2702 2 863 0
2772 2773 7 2774 1117 177 2698 7 1091 2775 2776 7 173 1367 1173 2295 2 718 7 2777 7 2223 2 84 2295 7 2778 2223 2 84 793 787 2 1091 2779 2 2780 7 881 2098 10 2098 343 2781 7 881 2531 677 2483 2169 557 2782 0
1797 84 181 2783 1287 2 722 7 1797 84 1830 2784 2785 2 2784 7 1830 2786 2785 2 2786 7 1733 1793 1797 0
2787 2 2788 788 258 672 1825 70 0
2472 149 49 10 2789 134 2790 2791 7 2792 2793 2552 354 2794 677 635 686 2795 2 2796 122 439 2797 2798 2791 7 550 2103 304 18 1272 2799 0
2800 787 173 10 1 2 2801 7 1583 1656 42 1458 144 1361 0
2802 7 173 44 787 635 2180 1 46 2 2803 0
845 2100 7 2176 284 2402 7 2287 2804 173 2106 875 845 149 7 2092 284 2402 7 208 625 19 529 173 2805 0
2142 144 149 2 2806 7 2807 1060 149 2 2103 0
821 2295 2719 2 2808 18 2809 304 2 2810 7 1 163 1672 2811 2202 591 976 2699 7 2812 2813 2789 2768 2 2814 7 2815 2816 7 858 2817 10 255 696 2103 2 2818 0
134 991 626 388 672 2 2455 2819 976 2820 10 2821 2822 2 2292 2653 7 634 450 845 2108 2 149 2823 122 433 677 163 626 2664 2819 24 2824 2825 7 2826 84 2455 10 2827 2828 2829 2830 976 163 2831 10 2832 304 2660 0
2833 2 2834 7 671 1 1256 700 2835 7 2836 2 9 7 671 1 1256 2136 1041 2837 7 2838 2839 2840 530 10 2841 7 466 2842 2 2298 7 671 1 2379 1736 18 952 2198 0
2273 415 1267 689 7 1058 2704 378 2202 0
125 2843 2 84 2222 0 0 7 125 2844 2 84 2845 0
2846 1991 2847 2848 2849 7 2310 2 2850 2851 2848 2852 423 2103 2 2853 7 2854 184 2116 10 2855 2 2856 2286 2857 2858 0
1058 84 2859 2 2860 7 2861 1366 2862 7 2863 1114 2864 0
1058 7 206 1091 2865 1058 2 2098 7 657 49 998 2866 0
2166 2867 7 2388 998 2166 466 2755 2 1361 7 671 1 2868 2 2765 7 751 787 2 2869 7 2870 2871 1 938 787 2 2180 0
635 2872 635 2873 635 2116 7 635 2874 998 1025 2875 1 938 787 2876 0
1672 2098 2 189 7 2877 415 596 18 0
2878 2879 7 2880 111 2881 7 2882 672 111 2881 0
787 2 2883 7 1 1012 80 475 2103 2884 1257 0
1 2885 787 7 2886 2887 672 122 1 2888 787 7 2889 70 2890 672 0
2189 1813 384 2891 7 998 1058 672 258 524 406 92 0
1378 2692 2311 2 0
2589 7 635 537 388 18 2464 1282 7 133 2893 2894 1100 2 1282 84 346 2895 0
134 181 627 2896 2897 748 7 133 2898 84 139 2768 4 875 134 181 2899 2896 2900 1086 7 133 2888 84 139 2551 4 875 134 181 645 2896 2901 7 133 467 84 139 2876 4 875 134 181 652 2896 2280 1086 7 133 2127 84 139 2902 4 0
2903 748 7 2586 635 1811 122 2171 1086 7 1 635 2904 787 0
596 18 899 2905 2 189 7 2311 18 2906 2907 2 2106 0
609 1 2087 0
2908 7 1107 346 2724 875 2171 7 1107 2909 2344 0
466 2910 2911 787 2 2106 7 1733 208 1071 671 2912 2911 787 2 2505 0
2111 861 7 2096 84 2913 2361 2255 2 875 657 2715 2 2096 7 84 2914 2915 2255 0
2266 144 1178 7 671 1 626 635 2916 2274 2 2917 0
2918 2919 2920 7 2921 2922 2923 7 2924 2 67 2925 2926 7 787 550 2927 2928 2 9 7 2670 2282 0
466 2724 2 2929 7 2930 2931 700 2932 787 2300 2 102 7 42 788 2200 0
2933 2934 2091 7 2933 2567 2935 7 2375 84 293 2936 149 2 189 0
958 2315 1 7 173 635 1154 2203 2937 2 2938 7 787 388 1385 7 787 377 18 1 2939 2 1656 7 677 671 1 2940 18 2941 7 986 133 388 7 787 998 2942 18 1 2 624 0
2943 875 2107 84 2944 2945 2 756 7 572 875 2946 2107 84 696 2947 2 2948 0
2111 861 1058 1114 2577 2 7 2079 255 208 998 1 861 2949 0
457 2 255 258 2950 7 2951 2952 7 49 125 2953 122 1575 7 125 258 787 2954 0
2176 2955 2956 863 7 1 49 10 787 2957 2385 2958 0
756 7 24 2959 2222 122 2290 7 677 125 10 2960 0
2111 2 2228 2961 2962 2963 2 2964 0
2632 10 2965 7 2110 881 2163 2 2966 875 2632 10 2967 19 2968 7 2110 144 985 10 2969 208 985 10 2970 2 7 671 1 2465 2 149 0
2496 2971 7 2220 2972 7 2467 2973 84 2974 0
2505 2975 274 13 2976 0
560 1114 134 346 648 2977 1768 2689 1361 2978 18 7 2979 1729 1114 383 18 7 2980 1613 2981 18 7 1 206 787 208 72 2615 18 0
2982 125 2158 18 0
2983 2449 40 2375 634 80 2984 578 2985 7 1584 2986 208 134 2987 530 2 2988 7 1151 2989 1646 748 1256 2990 1636 2991 7 657 2081 560 2984 756 0
609 1 161 474 18 7 787 560 1114 375 46 2 678 1 7 397 1575 678 679 1 439 2317 122 609 1 161 474 18 7 787 560 1114 2992 2 2993 2 870 1 2883 343 2 2994 2995 7 397 1620 1 2630 84 934 2 2578 787 122 787 560 1114 2996 2997 2998 10 812 1 0
2999 2 67 3000 111 2413 7 3001 84 1 125 3002 2 2098 7 3003 84 1 3004 3005 2 3006 2496 7 3007 2450 2 7 84 1 3008 3009 3010 0
2159 2220 2 3011 7 991 530 2567 2299 84 877 2985 0
1 1656 672 2282 625 293 608 122 466 3012 2 9 7 466 2702 2 2255 0
787 2 2375 7 3013 13 787 1 3014 2 2375 875 1 2 2375 7 677 3015 18 1267 787 2 3016 0
2176 2670 2111 670 700 3017 7 1091 1001 759 2 2304 3018 7 635 759 2 2304 3019 787 2169 0
2219 1675 3020 7 255 49 84 1 2 1282 0
756 7 626 3021 264 7 208 626 671 3022 2375 3023 7 845 149 7 3024 2091 7 677 1742 679 875 845 2531 7 759 18 2011 7 625 560 772 3025 0
2266 469 144 149 7 787 3026 974 2 80 2087 7 433 3027 625 3028 0
756 560 858 3029 0
1458 991 3030 991 7 84 991 2077 991 0
821 787 2715 2180 46 189 2 863 787 173 560 656 2015 934 2 3031 206 3032 0
2589 258 1603 870 92 3033 7 0 0 2728 10 1603 123 672 378 49 1458 0
